-0.390625 -11.6717
-0.408628 -11.6536

-0.488281 -11.5475
-0.497474 -11.5316

-0.497378 -11.5316
-0.509946 -11.5072

-0.512695 -11.5011
-0.521071 -11.4827

-0.521009 -11.4827
-0.530825 -11.4583

-0.512695 -11.5008
-0.5098 -11.5072

-0.439453 -11.6182
-0.449973 -11.6048

-0.463867 -11.5855
-0.46738 -11.5804

-0.467636 -11.5804
-0.48339 -11.556

-0.463867 -11.5857
-0.450055 -11.6048

-0.415039 -11.6466
-0.430313 -11.6292

-0.439453 -11.618
-0.430383 -11.6292

-0.415039 -11.6465
-0.408446 -11.6536

-0.488281 -11.5468
-0.48324 -11.556

-0.341797 -11.713
-0.355231 -11.7025

-0.366211 -11.6934
-0.38359 -11.6781

-0.390625 -11.6715
-0.383542 -11.6781

-0.366211 -11.6935
-0.355075 -11.7025

-0.317383 -11.7305
-0.322677 -11.7269

-0.341797 -11.713
-0.322566 -11.7269

-0.317383 -11.7307
-0.292969 -11.7465

-0.268555 -11.7603
-0.284306 -11.7513

-0.268555 -11.7605
-0.244141 -11.7729

-0.219727 -11.7836
-0.237359 -11.7757

-0.244141 -11.7726
-0.237282 -11.7757

-0.219727 -11.7837
-0.195312 -11.7934

-0.292969 -11.7465
-0.284157 -11.7513

-0.170898 -11.8015
-0.174981 -11.8001

-0.170898 -11.8018
-0.146484 -11.8089

-0.195312 -11.7933
-0.175616 -11.8001

-0.146484 -11.8087
-0.12207 -11.8146

-0.12207 -11.8147
-0.0976562 -11.8197

-0.0976562 -11.8197
-0.0732422 -11.8234

-0.0488281 -11.8259
-0.0618185 -11.8245

-0.0732422 -11.8233
-0.0613289 -11.8245

-0.0488281 -11.8258
-0.0244141 -11.8273

-0.0244141 -11.8273
0 -11.8279

-0.537109 -11.4403
-0.539343 -11.4339

-0.539367 -11.4339
-0.546692 -11.4095

-0.546673 -11.4095
-0.552831 -11.3851

-0.552838 -11.3851
-0.557851 -11.3607

-0.537109 -11.4404
-0.530837 -11.4583

-0.561523 -11.3368
-0.561609 -11.3363

-0.561703 -11.3363
-0.564422 -11.3118

-0.561523 -11.3375
-0.557853 -11.3607

-0.564398 -11.3118
-0.56604 -11.2874

-0.566059 -11.2874
-0.566636 -11.263

-0.566584 -11.263
-0.566158 -11.2386

-0.566166 -11.2386
-0.564824 -11.2142

-0.564843 -11.2142
-0.562531 -11.1898

-0.562335 -11.1898
-0.561523 -11.1837

-0.561523 -11.182
-0.559308 -11.1654

-0.559362 -11.1654
-0.555002 -11.141

-0.554969 -11.141
-0.549332 -11.1165

-0.549303 -11.1165
-0.542515 -11.0921

-0.542525 -11.0921
-0.537109 -11.0754

-0.537109 -11.0754
-0.53463 -11.0677

-0.534687 -11.0677
-0.525498 -11.0433

-0.525484 -11.0433
-0.514912 -11.0189

-0.51482 -11.0189
-0.512695 -11.0145

-0.512695 -11.0143
-0.503003 -10.9945

-0.503027 -10.9945
-0.489634 -10.9701

-0.489269 -10.9701
-0.488281 -10.9684

-0.488281 -10.9676
-0.474614 -10.9456

-0.47453 -10.9456
-0.463867 -10.9304

-0.463867 -10.9305
-0.457389 -10.9212

-0.45749 -10.9212
-0.439453 -10.8979

-0.439453 -10.8982
-0.418047 -10.8724

-0.417524 -10.8724
-0.415039 -10.8697

-0.415039 -10.8696
-0.393886 -10.848

-0.393756 -10.848
-0.390625 -10.845

-0.390625 -10.845
-0.36706 -10.8236

-0.366764 -10.8236
-0.366211 -10.8231

-0.366211 -10.8227
-0.341797 -10.8029

-0.341797 -10.8027
-0.336955 -10.7992

-0.336372 -10.7992
-0.317383 -10.7854

-0.317383 -10.7854
-0.300891 -10.7747

-0.300953 -10.7747
-0.292969 -10.7697

-0.292969 -10.7697
-0.268555 -10.7556

-0.268555 -10.7556
-0.258306 -10.7503

-0.258307 -10.7503
-0.244141 -10.743

-0.244141 -10.7431
-0.219727 -10.732

-0.219727 -10.732
-0.204287 -10.7259

-0.204282 -10.7259
-0.195312 -10.7224

-0.195312 -10.7224
-0.170898 -10.714

-0.170898 -10.714
-0.146484 -10.7068

-0.146484 -10.7068
-0.12463 -10.7015

-0.124668 -10.7015
-0.12207 -10.7009

-0.12207 -10.7009
-0.0976562 -10.696

-0.0976562 -10.6957
-0.0488281 -10.6891

-0.0488281 -10.6891
0 -10.6868

