0.0610352 0.468688
0.0605991 0.46875

0.0610352 0.468705
0.0634766 0.468389

0.0634766 0.468402
0.065918 0.468072

0.065918 0.468075
0.0683594 0.467701

0.0683594 0.467684
0.0708008 0.467293

0.0708008 0.46731
0.0732422 0.466901

0.0732422 0.46689
0.0756836 0.466454

0.078125 0.466016
0.0764454 0.466309

0.0756836 0.466457
0.0765328 0.466309

0.078125 0.466023
0.0805664 0.465618

0.078125 0.466314
0.0781594 0.466309

0.0805664 0.465638
0.0830078 0.46521

0.0830078 0.465204
0.0854492 0.464729

0.0854492 0.464728
0.0878906 0.464217

0.090332 0.463685
0.0894507 0.463867

0.090332 0.463711
0.0927734 0.463222

0.0878906 0.4642
0.0895057 0.463867

0.090332 0.463879
0.0903935 0.463867

0.0927734 0.463214
0.0952148 0.46272

0.0952148 0.462755
0.0976562 0.4622

0.0976562 0.462157
0.100098 0.461555

0.102539 0.460991
0.100637 0.461426

0.100098 0.461568
0.100721 0.461426

0.102539 0.461009
0.10498 0.46047

0.10498 0.460492
0.107422 0.459901

0.112305 0.458647
0.110929 0.458984

0.112305 0.458662
0.114746 0.458057

0.114746 0.458066
0.117188 0.457418

0.107422 0.459868
0.109863 0.459245

0.109863 0.459257
0.110975 0.458984

0.112305 0.458988
0.112318 0.458984

0.117188 0.457398
0.119629 0.456727

0.12207 0.456068
0.120303 0.456543

0.119629 0.456736
0.120348 0.456543

0.12207 0.456084
0.124512 0.455416

0.124512 0.455419
0.126953 0.454709

0.129395 0.453971
0.128947 0.454102

0.129395 0.45399
0.131836 0.453284

0.126953 0.454687
0.128958 0.454102

0.129395 0.454116
0.129443 0.454102

0.131836 0.453287
0.134277 0.452551

0.134277 0.452558
0.136719 0.451773

0.146484 0.448648
0.144719 0.449219

0.146484 0.448656
0.148926 0.44784

0.148926 0.447835
0.151367 0.446989

0.153809 0.446142
0.151943 0.446777

0.151367 0.44697
0.151932 0.446777

0.153809 0.446176
0.15625 0.445322

0.13916 0.450966
0.136943 0.45166

0.136719 0.451735
0.136958 0.45166

0.13916 0.451017
0.141602 0.450255

0.141602 0.450223
0.144043 0.449427

0.144043 0.449441
0.14473 0.449219

0 0.472979
0.00244141 0.472971

0.00244141 0.47297
0.00488281 0.472949

0.00488281 0.472948
0.00732422 0.47292

0.00732422 0.472924
0.00976562 0.472885

0.00976562 0.472875
0.012207 0.472833

0.012207 0.472853
0.0146484 0.472788

0.0146484 0.472776
0.0170898 0.472672

0.0170898 0.472667
0.0195312 0.472561

0.0195312 0.472561
0.0219727 0.472461

0.0219727 0.472475
0.0244141 0.472352

0.0244141 0.472334
0.0268555 0.472194

0.0268555 0.472217
0.0292969 0.47205

0.0292969 0.472019
0.0317383 0.471841

0.0317383 0.471869
0.0341797 0.471686

0.0341797 0.471676
0.0366211 0.471454

0.0366211 0.471445
0.0390625 0.47122

0.0415039 0.471001
0.0393861 0.471191

0.0390625 0.471237
0.0395695 0.471191

0.0415039 0.471014
0.0439453 0.470773

0.0415039 0.471203
0.0416227 0.471191

0.0439453 0.470747
0.0463867 0.470518

0.0463867 0.47056
0.0488281 0.470311

0.0488281 0.47028
0.0512695 0.469989

0.0512695 0.469997
0.0537109 0.469709

0.0537109 0.469711
0.0561523 0.469407

0.0561523 0.469417
0.0585938 0.469072

0.0585938 0.469043
0.0606478 0.46875

0.0610352 0.468769
0.0611792 0.46875

0.0634766 0.468753
0.0634962 0.46875

0.195312 0.429572
0.195052 0.429688

0.161133 0.443546
0.158937 0.444336

0.15625 0.445291
0.158691 0.444409

0.158691 0.444421
0.158927 0.444336

0.161133 0.443548
0.163574 0.442637

0.166016 0.441691
0.165485 0.441895

0.163574 0.44263
0.16549 0.441895

0.17334 0.438872
0.171835 0.439453

0.17334 0.438903
0.175781 0.437931

0.166016 0.441683
0.168457 0.440755

0.166016 0.441903
0.166038 0.441895

0.168457 0.440774
0.170898 0.439834

0.170898 0.439807
0.171813 0.439453

0.178223 0.436901
0.17795 0.437012

0.175781 0.437892
0.177953 0.437012

0.178223 0.436936
0.180664 0.435938

0.178223 0.437027
0.17826 0.437012

0.185547 0.433882
0.183912 0.43457

0.180664 0.435914
0.183105 0.434892

0.183105 0.434902
0.183892 0.43457

0.185547 0.433875
0.187988 0.432818

0.19043 0.431741
0.189549 0.432129

0.187988 0.432819
0.189554 0.432129

0.19043 0.431736
0.192871 0.430653

0.192871 0.430658
0.195056 0.429688

0.195312 0.429575
0.197754 0.428478

0.197754 0.42848
0.200195 0.427361

0.202637 0.426219
0.200436 0.427246

0.200195 0.427346
0.20041 0.427246

0.202637 0.42622
0.205078 0.425064

0.20752 0.423896
0.205612 0.424805

0.20752 0.423913
0.209961 0.422715

0.205078 0.425054
0.205601 0.424805

0.212402 0.421479
0.210625 0.422363

0.209961 0.422675
0.210587 0.422363

0.212402 0.421495
0.214844 0.420274

0.234375 0.409887
0.233888 0.410156

0.217285 0.419025
0.215517 0.419922

0.217285 0.419031
0.219727 0.417785

0.222168 0.416518
0.220311 0.41748

0.219727 0.417767
0.22028 0.41748

0.222168 0.416519
0.224609 0.415234

0.214844 0.420246
0.215483 0.419922

0.227051 0.413924
0.224967 0.415039

0.229492 0.412594
0.229485 0.412598

0.227051 0.413934
0.229487 0.412598

0.224609 0.415227
0.22496 0.415039

0.229492 0.412573
0.231934 0.411224

0.229492 0.412616
0.229526 0.412598

0.231934 0.411243
0.233896 0.410156

0.195312 0.429701
0.195342 0.429688

0.266113 0.390477
0.265885 0.390625

0.266113 0.390484
0.268555 0.388848

0.273438 0.385522
0.273112 0.385742

0.270996 0.387193
0.269531 0.388184

0.268555 0.388836
0.269523 0.388184

0.270996 0.387203
0.273122 0.385742

0.280762 0.380341
0.280019 0.380859

0.280762 0.380344
0.283203 0.378572

0.273438 0.385518
0.275879 0.383806

0.27832 0.382075
0.276589 0.383301

0.275879 0.383798
0.276598 0.383301

0.273438 0.385749
0.273447 0.385742

0.27832 0.382074
0.280024 0.380859

0.288086 0.374956
0.28671 0.375977

0.285645 0.376761
0.283394 0.378418

0.283203 0.378565
0.283406 0.378418

0.285645 0.376762
0.286716 0.375977

0.290527 0.373107
0.289959 0.373535

0.288086 0.37496
0.289966 0.373535

0.290527 0.373104
0.292969 0.371215

0.29541 0.369302
0.293116 0.371094

0.297852 0.367387
0.29624 0.368652

0.29541 0.369296
0.296243 0.368652

0.300293 0.365455
0.299327 0.366211

0.302734 0.363473
0.302373 0.36377

0.300293 0.365466
0.302377 0.36377

0.297852 0.367382
0.299337 0.366211

0.307617 0.359401
0.305312 0.361328

0.3125 0.355247
0.311081 0.356445

0.310059 0.357327
0.308217 0.358887

0.307617 0.359402
0.30823 0.358887

0.310059 0.357325
0.3111 0.356445

0.302734 0.363456
0.305176 0.361431

0.305176 0.361455
0.305329 0.361328

0.292969 0.371221
0.293133 0.371094

0.234375 0.409883
0.236816 0.408509

0.239258 0.407127
0.238225 0.407715

0.236816 0.40851
0.238213 0.407715

0.244141 0.404301
0.242467 0.405273

0.239258 0.407117
0.241699 0.405712

0.241699 0.405711
0.242453 0.405273

0.251465 0.399861
0.250599 0.400391

0.251465 0.399868
0.253906 0.398357

0.244141 0.404304
0.246582 0.402849

0.249023 0.401356
0.246598 0.402832

0.246582 0.402858
0.246626 0.402832

0.249023 0.401349
0.250589 0.400391

0.234375 0.410161
0.234383 0.410156

0.258789 0.395267
0.258403 0.395508

0.256348 0.396816
0.254543 0.397949

0.253906 0.398344
0.254539 0.397949

0.256348 0.396821
0.258415 0.395508

0.258789 0.395266
0.26123 0.393692

0.263672 0.392101
0.262194 0.393066

0.26123 0.393689
0.262185 0.393066

0.258789 0.395514
0.258799 0.395508

0.263672 0.392097
0.265896 0.390625

0.266113 0.390637
0.266131 0.390625

0.46875 0.0605597
0.468683 0.0610352

0.468697 0.0610352
0.468387 0.0634766

0.468394 0.0634766
0.468068 0.065918

0.468073 0.065918
0.467707 0.0683594

0.467694 0.0683594
0.467301 0.0708008

0.467306 0.0708008
0.4669 0.0732422

0.466309 0.0765914
0.466045 0.078125

0.466896 0.0732422
0.466474 0.0756836

0.466309 0.0766468
0.466474 0.0756836

0.46605 0.078125
0.46564 0.0805664

0.46565 0.0805664
0.465227 0.0830078

0.465229 0.0830078
0.464769 0.0854492

0.464768 0.0854492
0.464272 0.0878906

0.463867 0.0897744
0.463754 0.090332

0.463767 0.090332
0.463282 0.0927734

0.463283 0.0927734
0.46279 0.0952148

0.462815 0.0952148
0.462265 0.0976562

0.463867 0.0898014
0.464256 0.0878906

0.458984 0.11137
0.458754 0.112305

0.458765 0.112305
0.458167 0.114746

0.458175 0.114746
0.457543 0.117188

0.461426 0.101094
0.461091 0.102539

0.462228 0.0976562
0.461646 0.100098

0.461426 0.101133
0.461665 0.100098

0.461076 0.102539
0.460537 0.10498

0.460582 0.10498
0.460014 0.107422

0.459983 0.107422
0.459361 0.109863

0.458984 0.111367
0.459356 0.109863

0.449219 0.145267
0.44883 0.146484

0.448833 0.146484
0.448039 0.148926

0.448045 0.148926
0.447211 0.151367

0.446777 0.152579
0.446358 0.153809

0.446381 0.153809
0.445546 0.15625

0.446777 0.152542
0.447178 0.151367

0.456543 0.120762
0.456192 0.12207

0.457537 0.117188
0.456867 0.119629

0.456543 0.120751
0.456845 0.119629

0.456218 0.12207
0.455561 0.124512

0.455555 0.124512
0.454854 0.126953

0.454102 0.129526
0.453437 0.131836

0.453446 0.131836
0.452721 0.134277

0.452726 0.134277
0.45195 0.136719

0.454841 0.126953
0.454133 0.129395

0.454102 0.129518
0.454137 0.129395

0.45166 0.137527
0.451154 0.13916

0.451207 0.13916
0.45044 0.141602

0.45166 0.137515
0.451907 0.136719

0.450399 0.141602
0.449596 0.144043

0.449219 0.145244
0.449603 0.144043

0.390625 0.266366
0.38916 0.268555

0.388184 0.27
0.387509 0.270996

0.387506 0.270996
0.385816 0.273438

0.388184 0.269988
0.389158 0.268555

0.356445 0.311259
0.355383 0.3125

0.361328 0.305517
0.359566 0.307617

0.358887 0.308412
0.357493 0.310059

0.356445 0.311283
0.357488 0.310059

0.358887 0.308425
0.359566 0.307617

0.36377 0.302613
0.363669 0.302734

0.366211 0.299597
0.365658 0.300293

0.36377 0.302604
0.365666 0.300293

0.368652 0.29652
0.367609 0.297852

0.371094 0.293421
0.369536 0.29541

0.368652 0.296539
0.369526 0.29541

0.366211 0.299601
0.367609 0.297852

0.363645 0.302734
0.361608 0.305176

0.361328 0.305526
0.361619 0.305176

0.36377 0.302742
0.363775 0.302734

0.380859 0.280457
0.380643 0.280762

0.380616 0.280762
0.378833 0.283203

0.375977 0.287051
0.375214 0.288086

0.373535 0.290307
0.373367 0.290527

0.373342 0.290527
0.371446 0.292969

0.373535 0.290287
0.375215 0.288086

0.378418 0.283759
0.377027 0.285645

0.375977 0.287061
0.377032 0.285645

0.378418 0.283772
0.37883 0.283203

0.383301 0.277007
0.382371 0.27832

0.385742 0.27353
0.384094 0.275879

0.383301 0.277012
0.3841 0.275879

0.380859 0.280419
0.382369 0.27832

0.385742 0.273537
0.385811 0.273438

0.371094 0.293435
0.371454 0.292969

0.429688 0.195711
0.428764 0.197754

0.42878 0.197754
0.427669 0.200195

0.427246 0.201098
0.42653 0.202637

0.426526 0.202637
0.425377 0.205078

0.427246 0.201059
0.427648 0.200195

0.424805 0.206291
0.424221 0.20752

0.424235 0.20752
0.423031 0.209961

0.422363 0.211255
0.421792 0.212402

0.421806 0.212402
0.420594 0.214844

0.422363 0.211205
0.422983 0.209961

0.424805 0.206263
0.425367 0.205078

0.419922 0.216172
0.419361 0.217285

0.419362 0.217285
0.418115 0.219727

0.41748 0.220948
0.416846 0.222168

0.416842 0.222168
0.415559 0.224609

0.41748 0.220906
0.418094 0.219727

0.415039 0.22558
0.414259 0.227051

0.414278 0.227051
0.412945 0.229492

0.412598 0.230063
0.411565 0.231934

0.411591 0.231934
0.410239 0.234375

0.412598 0.230051
0.412906 0.229492

0.415039 0.225568
0.415547 0.224609

0.419922 0.216125
0.420568 0.214844

0.439453 0.172489
0.439123 0.17334

0.439149 0.17334
0.43819 0.175781

0.444336 0.159594
0.44378 0.161133

0.44378 0.161133
0.442886 0.163574

0.442896 0.163574
0.441959 0.166016

0.445535 0.15625
0.444661 0.158691

0.444336 0.159551
0.444647 0.158691

0.441895 0.166096
0.440993 0.168457

0.441032 0.168457
0.440094 0.170898

0.441895 0.16607
0.441915 0.166016

0.439453 0.172437
0.44005 0.170898

0.43457 0.184589
0.43417 0.185547

0.437012 0.178655
0.436198 0.180664

0.43816 0.175781
0.43717 0.178223

0.437012 0.17862
0.437173 0.178223

0.436192 0.180664
0.435181 0.183105

0.43457 0.184541
0.435171 0.183105

0.432129 0.190243
0.432046 0.19043

0.434163 0.185547
0.433126 0.187988

0.432129 0.190262
0.433137 0.187988

0.432021 0.19043
0.43094 0.192871

0.430973 0.192871
0.429889 0.195312

0.429688 0.195675
0.429851 0.195312

0.400391 0.251171
0.400213 0.251465

0.400183 0.251465
0.398673 0.253906

0.405273 0.243041
0.40463 0.244141

0.407715 0.238859
0.407487 0.239258

0.410156 0.23449
0.408844 0.236816

0.407715 0.238807
0.408852 0.236816

0.40745 0.239258
0.406038 0.241699

0.405273 0.243013
0.406042 0.241699

0.402832 0.247113
0.401673 0.249023

0.404619 0.244141
0.403158 0.246582

0.402832 0.247115
0.403154 0.246582

0.400391 0.251111
0.401667 0.249023

0.393066 0.262704
0.392432 0.263672

0.395508 0.258923
0.394016 0.26123

0.393066 0.262682
0.394019 0.26123

0.397949 0.255064
0.397148 0.256348

0.397155 0.256348
0.395605 0.258789

0.397949 0.255051
0.398664 0.253906

0.395508 0.258936
0.3956 0.258789

0.392412 0.263672
0.390789 0.266113

0.390625 0.266385
0.390802 0.266113

0.410156 0.234482
0.410216 0.234375

0.472909 0
0.472903 0.00244141

0.472901 0.00244141
0.472885 0.00488281

0.472885 0.00488281
0.472865 0.00732422

0.472868 0.00732422
0.472837 0.00976562

0.472838 0.00976562
0.472787 0.012207

0.472791 0.012207
0.472709 0.0146484

0.472698 0.0146484
0.4726 0.0170898

0.472599 0.0170898
0.472506 0.0195312

0.472512 0.0195312
0.472415 0.0219727

0.47243 0.0219727
0.472286 0.0244141

0.472245 0.0244141
0.472106 0.0268555

0.472157 0.0268555
0.472006 0.0292969

0.471977 0.0292969
0.471772 0.0317383

0.471769 0.0317383
0.471572 0.0341797

0.471572 0.0341797
0.471388 0.0366211

0.471401 0.0366211
0.471201 0.0390625

0.471191 0.0390674
0.470966 0.0415039

0.470973 0.0415039
0.470726 0.0439453

0.471191 0.0392945
0.471213 0.0390625

0.470695 0.0439453
0.470478 0.0463867

0.470532 0.0463867
0.470299 0.0488281

0.470271 0.0488281
0.469972 0.0512695

0.469965 0.0512695
0.46967 0.0537109

0.46968 0.0537109
0.469385 0.0561523

0.469399 0.0561523
0.469058 0.0585938

0.46875 0.0605283
0.469022 0.0585938

0.317383 0.350939
0.316682 0.351562

0.322266 0.346508
0.32208 0.34668

0.319824 0.34874
0.319403 0.349121

0.317383 0.350939
0.319401 0.349121

0.319824 0.348739
0.322072 0.34668

0.32959 0.339592
0.327284 0.341797

0.332031 0.337225
0.329834 0.339355

0.32959 0.339599
0.329843 0.339355

0.322266 0.346502
0.324698 0.344238

0.324707 0.344229
0.327148 0.341926

0.324707 0.344256
0.324726 0.344238

0.322266 0.346688
0.322274 0.34668

0.327148 0.341933
0.327292 0.341797

0.339355 0.329869
0.337245 0.332031

0.341797 0.327337
0.339628 0.32959

0.339355 0.329878
0.339635 0.32959

0.34668 0.322189
0.346608 0.322266

0.351562 0.316818
0.351057 0.317383

0.349121 0.319524
0.348847 0.319824

0.34668 0.322165
0.348838 0.319824

0.349121 0.319512
0.351054 0.317383

0.344238 0.32477
0.341978 0.327148

0.346588 0.322266
0.3443 0.324707

0.344238 0.324773
0.344301 0.324707

0.341797 0.327347
0.341987 0.327148

0.34668 0.322277
0.34669 0.322266

0.334473 0.334819
0.332347 0.336914

0.336914 0.33236
0.334815 0.334473

0.334473 0.334817
0.334817 0.334473

0.332031 0.337231
0.332355 0.336914

0.336914 0.332369
0.337248 0.332031

0.314941 0.353113
0.313915 0.354004

0.3125 0.35523
0.313931 0.354004

0.314941 0.353104
0.31669 0.351562

0.354004 0.314063
0.353235 0.314941

0.351562 0.316818
0.353232 0.314941

0.354004 0.314078
0.355371 0.3125

