0.0610352 0.468696
0.060656 0.46875

0.0610352 0.468709
0.0634766 0.46839

0.0634766 0.468396
0.065918 0.468061

0.065918 0.468063
0.0683594 0.467695

0.0683594 0.467687
0.0708008 0.467295

0.0708008 0.467304
0.0732422 0.466887

0.0732422 0.466872
0.0756836 0.466441

0.078125 0.466018
0.0764402 0.466309

0.0756836 0.466451
0.0765077 0.466309

0.078125 0.466021
0.0805664 0.465607

0.0805664 0.465618
0.0830078 0.46519

0.0830078 0.465192
0.0854492 0.464722

0.0854492 0.464716
0.0878906 0.464211

0.090332 0.463693
0.0894828 0.463867

0.090332 0.463708
0.0927734 0.463217

0.0878906 0.464201
0.0895175 0.463867

0.0927734 0.463215
0.0952148 0.462716

0.0952148 0.462744
0.0976562 0.462184

0.0976562 0.462139
0.100098 0.461553

0.102539 0.461007
0.100733 0.461426

0.100098 0.461584
0.100782 0.461426

0.102539 0.460989
0.10498 0.46044

0.10498 0.460487
0.107422 0.459906

0.112305 0.458645
0.110929 0.458984

0.112305 0.458653
0.114746 0.458046

0.114746 0.458053
0.117188 0.45741

0.107422 0.459865
0.109863 0.45924

0.109863 0.459248
0.110934 0.458984

0.117188 0.457395
0.119629 0.456729

0.12207 0.45607
0.120308 0.456543

0.119629 0.456726
0.120311 0.456543

0.12207 0.456086
0.124512 0.455416

0.124512 0.455412
0.126953 0.454705

0.129395 0.453981
0.12898 0.454102

0.129395 0.453992
0.131836 0.45328

0.126953 0.454692
0.12898 0.454102

0.131836 0.453279
0.134277 0.452545

0.134277 0.45256
0.136719 0.451774

0.146484 0.448649
0.144728 0.449219

0.146484 0.448648
0.148926 0.447831

0.148926 0.447827
0.151367 0.446988

0.153809 0.446148
0.15196 0.446777

0.151367 0.446968
0.151927 0.446777

0.153809 0.446172
0.15625 0.445319

0.13916 0.450957
0.136921 0.45166

0.136719 0.451725
0.136924 0.45166

0.13916 0.451012
0.141602 0.450254

0.141602 0.450222
0.144043 0.449426

0.144043 0.449432
0.144701 0.449219

0 0.472986
0.00244141 0.472977

0.00244141 0.472975
0.00488281 0.472951

0.00488281 0.47295
0.00732422 0.472917

0.00732422 0.472917
0.00976562 0.472875

0.00976562 0.472873
0.012207 0.472824

0.012207 0.47283
0.0146484 0.472764

0.0146484 0.472761
0.0170898 0.472673

0.0170898 0.472674
0.0195312 0.472566

0.0195312 0.472553
0.0219727 0.472447

0.0219727 0.472473
0.0244141 0.472343

0.0244141 0.472305
0.0268555 0.472175

0.0268555 0.472214
0.0292969 0.472083

0.0292969 0.472075
0.0317383 0.471878

0.0317383 0.471866
0.0341797 0.471645

0.0341797 0.471639
0.0366211 0.471431

0.0366211 0.471446
0.0390625 0.471236

0.0415039 0.470999
0.0394259 0.471191

0.0390625 0.471244
0.0396305 0.471191

0.0415039 0.471014
0.0439453 0.470762

0.0415039 0.471197
0.0415581 0.471191

0.0439453 0.470725
0.0463867 0.470499

0.0463867 0.470552
0.0488281 0.470318

0.0488281 0.470293
0.0512695 0.469993

0.0512695 0.469985
0.0537109 0.469684

0.0537109 0.469688
0.0561523 0.469392

0.0561523 0.46941
0.0585938 0.469073

0.0585938 0.469039
0.0606301 0.46875

0.0610352 0.468759
0.0611028 0.46875

0.195312 0.429594
0.195102 0.429688

0.161133 0.443537
0.158931 0.444336

0.15625 0.445298
0.158691 0.444414

0.158691 0.444416
0.158912 0.444336

0.161133 0.443538
0.163574 0.442631

0.166016 0.441705
0.165521 0.441895

0.163574 0.44263
0.165496 0.441895

0.17334 0.438859
0.171806 0.439453

0.17334 0.438889
0.175781 0.437926

0.166016 0.441683
0.168457 0.440751

0.168457 0.440773
0.170898 0.439827

0.170898 0.439788
0.171763 0.439453

0.178223 0.436924
0.178006 0.437012

0.175781 0.43789
0.177949 0.437012

0.178223 0.436926
0.180664 0.435931

0.185547 0.433877
0.18391 0.43457

0.180664 0.435916
0.183105 0.434896

0.183105 0.434897
0.183878 0.43457

0.185547 0.433866
0.187988 0.432811

0.19043 0.431754
0.18958 0.432129

0.187988 0.43281
0.189532 0.432129

0.19043 0.431722
0.192871 0.430645

0.192871 0.430664
0.195073 0.429688

0.195312 0.429571
0.197754 0.428465

0.197754 0.428472
0.200195 0.427349

0.202637 0.426208
0.2004 0.427246

0.200195 0.427328
0.200371 0.427246

0.202637 0.42622
0.205078 0.425067

0.20752 0.423884
0.205594 0.424805

0.20752 0.423908
0.209961 0.422707

0.205078 0.42505
0.205591 0.424805

0.212402 0.42146
0.210588 0.422363

0.209961 0.422665
0.210566 0.422363

0.212402 0.421484
0.214844 0.42027

0.234375 0.409908
0.233928 0.410156

0.217285 0.419022
0.215507 0.419922

0.217285 0.419032
0.219727 0.417779

0.222168 0.416499
0.220279 0.41748

0.219727 0.417759
0.220262 0.41748

0.222168 0.41651
0.224609 0.415226

0.214844 0.42025
0.215491 0.419922

0.227051 0.413911
0.224936 0.415039

0.227051 0.413931
0.229491 0.412598

0.224609 0.41521
0.224931 0.415039

0.229492 0.412568
0.231934 0.411218

0.231934 0.411236
0.23388 0.410156

0.266113 0.390511
0.265938 0.390625

0.266113 0.390475
0.268555 0.388835

0.273438 0.385543
0.273144 0.385742

0.270996 0.387182
0.269511 0.388184

0.268555 0.388831
0.269517 0.388184

0.270996 0.387197
0.273113 0.385742

0.280762 0.380343
0.280023 0.380859

0.280762 0.380336
0.283203 0.378563

0.273438 0.385507
0.275879 0.383793

0.27832 0.382067
0.276576 0.383301

0.275879 0.383798
0.276598 0.383301

0.27832 0.382062
0.280006 0.380859

0.288086 0.374946
0.286693 0.375977

0.285645 0.376751
0.283381 0.378418

0.283203 0.378551
0.283386 0.378418

0.285645 0.376755
0.286709 0.375977

0.290527 0.37312
0.289975 0.373535

0.288086 0.374954
0.289959 0.373535

0.290527 0.3731
0.292969 0.371209

0.29541 0.369296
0.293108 0.371094

0.297852 0.36738
0.296234 0.368652

0.29541 0.369301
0.296248 0.368652

0.300293 0.365443
0.299309 0.366211

0.302734 0.363467
0.302366 0.36377

0.300293 0.365465
0.302376 0.36377

0.297852 0.367371
0.299323 0.366211

0.307617 0.359389
0.305295 0.361328

0.3125 0.355231
0.311066 0.356445

0.310059 0.357321
0.308209 0.358887

0.307617 0.359388
0.308215 0.358887

0.310059 0.357322
0.311093 0.356445

0.302734 0.363447
0.305176 0.361416

0.305176 0.361437
0.305307 0.361328

0.292969 0.37121
0.293119 0.371094

0.234375 0.409872
0.236816 0.408498

0.239258 0.407135
0.238237 0.407715

0.236816 0.408503
0.238204 0.407715

0.244141 0.404294
0.242456 0.405273

0.239258 0.407115
0.241699 0.405708

0.241699 0.405714
0.242457 0.405273

0.251465 0.399873
0.250616 0.400391

0.251465 0.399867
0.253906 0.398354

0.244141 0.404302
0.246582 0.402845

0.249023 0.401347
0.246583 0.402832

0.246582 0.40284
0.246596 0.402832

0.249023 0.401338
0.250577 0.400391

0.258789 0.395293
0.258446 0.395508

0.256348 0.396809
0.254532 0.397949

0.253906 0.398344
0.254537 0.397949

0.256348 0.396816
0.258402 0.395508

0.258789 0.395256
0.26123 0.393678

0.263672 0.39209
0.262173 0.393066

0.26123 0.393683
0.262178 0.393066

0.263672 0.392091
0.265887 0.390625

0.46875 0.060445
0.468669 0.0610352

0.468695 0.0610352
0.468387 0.0634766

0.468391 0.0634766
0.468061 0.065918

0.468065 0.065918
0.467696 0.0683594

0.467684 0.0683594
0.467294 0.0708008

0.467307 0.0708008
0.466898 0.0732422

0.466309 0.0765146
0.466033 0.078125

0.466885 0.0732422
0.466457 0.0756836

0.466309 0.0765897
0.466464 0.0756836

0.466036 0.078125
0.465632 0.0805664

0.465649 0.0805664
0.465226 0.0830078

0.46522 0.0830078
0.464756 0.0854492

0.464758 0.0854492
0.464261 0.0878906

0.463867 0.0896961
0.463738 0.090332

0.463761 0.090332
0.46328 0.0927734

0.463278 0.0927734
0.462779 0.0952148

0.4628 0.0952148
0.462246 0.0976562

0.463867 0.0897386
0.464241 0.0878906

0.458984 0.111316
0.458741 0.112305

0.458764 0.112305
0.458173 0.114746

0.458183 0.114746
0.457544 0.117188

0.461426 0.101038
0.461084 0.102539

0.46221 0.0976562
0.461632 0.100098

0.461426 0.101109
0.461656 0.100098

0.461078 0.102539
0.460537 0.10498

0.460571 0.10498
0.460002 0.107422

0.45998 0.107422
0.45936 0.109863

0.458984 0.111351
0.45935 0.109863

0.449219 0.145232
0.448822 0.146484

0.448837 0.146484
0.448043 0.148926

0.448043 0.148926
0.4472 0.151367

0.446777 0.15252
0.446338 0.153809

0.446375 0.153809
0.445542 0.15625

0.446777 0.152523
0.447171 0.151367

0.456543 0.12074
0.456186 0.12207

0.457527 0.117188
0.456854 0.119629

0.456543 0.120775
0.45685 0.119629

0.456209 0.12207
0.455554 0.124512

0.455557 0.124512
0.454858 0.126953

0.454102 0.129509
0.453436 0.131836

0.453451 0.131836
0.452721 0.134277

0.452716 0.134277
0.451933 0.136719

0.454839 0.126953
0.454128 0.129395

0.454102 0.129522
0.454138 0.129395

0.45166 0.137478
0.451142 0.13916

0.451202 0.13916
0.450437 0.141602

0.45166 0.13749
0.451898 0.136719

0.450392 0.141602
0.449587 0.144043

0.449219 0.145239
0.449598 0.144043

0.390625 0.266351
0.389152 0.268555

0.388184 0.269993
0.387504 0.270996

0.387496 0.270996
0.385804 0.273438

0.388184 0.269983
0.389154 0.268555

0.356445 0.311257
0.355384 0.3125

0.361328 0.305518
0.35956 0.307617

0.358887 0.3084
0.357481 0.310059

0.356445 0.311271
0.357474 0.310059

0.358887 0.308412
0.359557 0.307617

0.36377 0.302597
0.363656 0.302734

0.366211 0.299586
0.365648 0.300293

0.36377 0.302598
0.365656 0.300293

0.368652 0.296518
0.367608 0.297852

0.371094 0.293407
0.369524 0.29541

0.368652 0.296527
0.369516 0.29541

0.366211 0.299595
0.367605 0.297852

0.363648 0.302734
0.361615 0.305176

0.361328 0.305536
0.361629 0.305176

0.380859 0.280395
0.380599 0.280762

0.380609 0.280762
0.378826 0.283203

0.375977 0.287048
0.375211 0.288086

0.373535 0.290275
0.373343 0.290527

0.373337 0.290527
0.371443 0.292969

0.373535 0.29027
0.375201 0.288086

0.378418 0.28374
0.377013 0.285645

0.375977 0.287052
0.377024 0.285645

0.378418 0.283748
0.378813 0.283203

0.383301 0.277
0.382364 0.27832

0.385742 0.273519
0.384089 0.275879

0.383301 0.276998
0.384091 0.275879

0.380859 0.280404
0.382358 0.27832

0.385742 0.273525
0.385802 0.273438

0.371094 0.293424
0.371447 0.292969

0.429688 0.195705
0.428759 0.197754

0.428768 0.197754
0.427651 0.200195

0.427246 0.201063
0.426517 0.202637

0.426522 0.202637
0.425371 0.205078

0.427246 0.201019
0.427628 0.200195

0.424805 0.206245
0.4242 0.20752

0.42423 0.20752
0.423029 0.209961

0.422363 0.211217
0.421772 0.212402

0.421799 0.212402
0.420585 0.214844

0.422363 0.21118
0.422972 0.209961

0.424805 0.206219
0.425346 0.205078

0.419922 0.216128
0.419339 0.217285

0.419355 0.217285
0.418111 0.219727

0.41748 0.22092
0.416832 0.222168

0.416836 0.222168
0.415554 0.224609

0.41748 0.220881
0.41808 0.219727

0.415039 0.225564
0.414249 0.227051

0.414267 0.227051
0.412936 0.229492

0.412598 0.230055
0.411558 0.231934

0.411577 0.231934
0.410221 0.234375

0.412598 0.23003
0.412896 0.229492

0.415039 0.225541
0.415534 0.224609

0.419922 0.21609
0.42055 0.214844

0.439453 0.172416
0.439094 0.17334

0.439142 0.17334
0.438184 0.175781

0.444336 0.159542
0.44376 0.161133

0.44377 0.161133
0.442874 0.163574

0.442874 0.163574
0.441942 0.166016

0.445528 0.15625
0.444649 0.158691

0.444336 0.15954
0.444643 0.158691

0.441895 0.166084
0.440996 0.168457

0.441033 0.168457
0.440088 0.170898

0.441895 0.166052
0.441908 0.166016

0.439453 0.17242
0.440044 0.170898

0.43457 0.18451
0.434137 0.185547

0.437012 0.178641
0.436194 0.180664

0.438149 0.175781
0.43716 0.178223

0.437012 0.178605
0.437166 0.178223

0.43619 0.180664
0.435172 0.183105

0.43457 0.184512
0.435159 0.183105

0.432129 0.190242
0.432046 0.19043

0.434154 0.185547
0.433122 0.187988

0.432129 0.190237
0.433121 0.187988

0.432024 0.19043
0.430943 0.192871

0.430965 0.192871
0.429878 0.195312

0.429688 0.195662
0.429846 0.195312

0.400391 0.251099
0.40017 0.251465

0.400181 0.251465
0.398671 0.253906

0.405273 0.243026
0.404621 0.244141

0.407715 0.238795
0.407452 0.239258

0.410156 0.234464
0.40883 0.236816

0.407715 0.238797
0.408841 0.236816

0.407447 0.239258
0.406038 0.241699

0.405273 0.243002
0.406035 0.241699

0.402832 0.247117
0.401673 0.249023

0.404615 0.244141
0.403158 0.246582

0.402832 0.247107
0.403149 0.246582

0.400391 0.251108
0.401666 0.249023

0.393066 0.262685
0.392418 0.263672

0.395508 0.258911
0.394013 0.26123

0.393066 0.262677
0.394017 0.26123

0.397949 0.255057
0.39714 0.256348

0.397139 0.256348
0.39559 0.258789

0.397949 0.25503
0.398654 0.253906

0.395508 0.258921
0.395591 0.258789

0.392403 0.263672
0.390779 0.266113

0.390625 0.266369
0.390791 0.266113

0.410156 0.234458
0.410202 0.234375

0.472905 0
0.472899 0.00244141

0.472899 0.00244141
0.47288 0.00488281

0.472875 0.00488281
0.472852 0.00732422

0.472861 0.00732422
0.472826 0.00976562

0.47282 0.00976562
0.47277 0.012207

0.472779 0.012207
0.472708 0.0146484

0.472702 0.0146484
0.472604 0.0170898

0.472599 0.0170898
0.472498 0.0195312

0.4725 0.0195312
0.472399 0.0219727

0.472414 0.0219727
0.472281 0.0244141

0.472253 0.0244141
0.472115 0.0268555

0.472153 0.0268555
0.471991 0.0292969

0.47196 0.0292969
0.471757 0.0317383

0.471761 0.0317383
0.471573 0.0341797

0.471191 0.0388808
0.471176 0.0390625

0.471575 0.0341797
0.471387 0.0366211

0.471191 0.038989
0.471397 0.0366211

0.471167 0.0390625
0.470946 0.0415039

0.470965 0.0415039
0.470732 0.0439453

0.470702 0.0439453
0.470479 0.0463867

0.470526 0.0463867
0.47028 0.0488281

0.470243 0.0488281
0.469952 0.0512695

0.469962 0.0512695
0.469679 0.0537109

0.469685 0.0537109
0.469382 0.0561523

0.469387 0.0561523
0.469041 0.0585938

0.46875 0.0604876
0.469011 0.0585938

0.317383 0.350933
0.316673 0.351562

0.322266 0.346515
0.322087 0.34668

0.319824 0.348738
0.319401 0.349121

0.317383 0.350931
0.319395 0.349121

0.319824 0.348734
0.322067 0.34668

0.32959 0.339582
0.327273 0.341797

0.332031 0.337215
0.329825 0.339355

0.32959 0.339589
0.329833 0.339355

0.322266 0.346499
0.324693 0.344238

0.324707 0.344222
0.327148 0.341916

0.327148 0.341925
0.327283 0.341797

0.339355 0.329861
0.337237 0.332031

0.341797 0.327336
0.339621 0.32959

0.339355 0.329869
0.339627 0.32959

0.34668 0.322167
0.346588 0.322266

0.351562 0.316802
0.351042 0.317383

0.349121 0.319504
0.348829 0.319824

0.34668 0.322156
0.348825 0.319824

0.349121 0.319502
0.351044 0.317383

0.344238 0.324777
0.341982 0.327148

0.346584 0.322266
0.344305 0.324707

0.344238 0.324788
0.344314 0.324707

0.341797 0.327341
0.341982 0.327148

0.334473 0.334809
0.332332 0.336914

0.336914 0.332359
0.334811 0.334473

0.334473 0.334808
0.33481 0.334473

0.332031 0.33722
0.332344 0.336914

0.336914 0.332364
0.337242 0.332031

0.314941 0.353097
0.313895 0.354004

0.3125 0.355215
0.313913 0.354004

0.314941 0.353091
0.31668 0.351562

0.354004 0.31406
0.353229 0.314941

0.351562 0.316806
0.353223 0.314941

0.354004 0.314073
0.355368 0.3125

